0 0.580675 0.889635 0.0486912 0.0264442
0 0.586872 0.856736 0.0459442 0.0261141
0 0.582373 0.75574 0.0520758 0.0256616
0 0.387748 0.39438 0.0496871 0.0243718
0 0.763865 0.851673 0.0419683 0.0242977
0 0.576554 0.65672 0.0467689 0.0252818
0 0.767868 0.755119 0.0451669 0.0254851
0 0.420309 0.55599 0.0529533 0.0247881
0 0.578082 0.591108 0.0383004 0.0251659
0 0.775229 0.656891 0.0451611 0.0241796
0 0.579133 0.789695 0.045752 0.0282072
0 0.573658 0.921659 0.0548269 0.0260105
0 0.401245 0.493744 0.0777466 0.0240066
0 0.593397 0.3943 0.0486266 0.0244453
0 0.764958 0.591292 0.0466663 0.0242386
0 0.589662 0.689965 0.0673563 0.0242237
0 0.583716 0.722485 0.0426061 0.0254704
0 0.77623 0.427793 0.0501211 0.0238454
0 0.391714 0.428122 0.0559521 0.0257729
0 0.394631 0.956668 0.0419358 0.0246986
0 0.227329 0.793648 0.0779807 0.0258501
0 0.400366 0.690111 0.0423555 0.0251121
0 0.766414 0.556779 0.0340485 0.0243435
0 0.211741 0.394384 0.0503635 0.0241083
0 0.600582 0.32885 0.0447617 0.0243385
0 0.775257 0.820241 0.0444592 0.0230336
0 0.582183 0.526694 0.047824 0.0235542
0 0.402921 0.854393 0.0508796 0.0221706
0 0.40057 0.756154 0.0465456 0.0231081
0 0.775753 0.492606 0.0648421 0.0229585
0 0.758838 0.883031 0.0421701 0.0253571
0 0.76803 0.7222 0.0450278 0.0243129
0 0.372873 0.326493 0.0467097 0.0297563
0 0.598225 0.427781 0.0704094 0.0256529
0 0.207842 0.59285 0.0477495 0.0239546
0 0.213161 0.827567 0.0427802 0.0275215
0 0.771595 0.68865 0.0443479 0.0242711
0 0.398003 0.524946 0.0459871 0.0235169
0 0.211325 0.925358 0.0415985 0.0237941
0 0.773348 0.394506 0.0670391 0.0245732
0 0.395376 0.922917 0.0439443 0.0227395
0 0.596111 0.558612 0.069945 0.0249158
0 0.400911 0.658214 0.0783816 0.0232187
0 0.41154 0.589986 0.0974691 0.0252228
0 0.204189 0.359209 0.0471076 0.0274209
0 0.774571 0.45966 0.066975 0.0229585
0 0.586883 0.492161 0.0648769 0.0229851
0 0.211795 0.727654 0.050071 0.0260071
0 0.211381 0.494705 0.0475501 0.0233664
0 0.374506 0.360915 0.0449139 0.0273555
0 0.772602 0.36226 0.0372432 0.0252845
0 0.22872 0.691631 0.0654544 0.0251173
0 0.207116 0.658589 0.0483954 0.0242483
0 0.398349 0.723334 0.0434062 0.0268084
0 0.232146 0.893163 0.095126 0.0250374
0 0.586152 0.460084 0.0410177 0.0231148
0 0.773261 0.788985 0.0703458 0.0255089
0 0.406308 0.624776 0.073109 0.0249414
0 0.766227 0.523937 0.0477953 0.0242998
0 0.769099 0.62356 0.0633959 0.0254677
0 0.395224 0.789519 0.0506411 0.0253126
0 0.591434 0.822232 0.0411065 0.0278725
0 0.201657 0.958806 0.0750528 0.0253082
0 0.589198 0.624634 0.0692778 0.0243948
0 0.403685 0.822069 0.0483798 0.023978
0 0.210782 0.559209 0.0447801 0.0265783
0 0.2098 0.428051 0.0536886 0.0240501
0 0.40609 0.890062 0.0893189 0.0258971
0 0.225423 0.626004 0.0866628 0.0245607
0 0.213174 0.761596 0.0462446 0.0244066
0 0.608482 0.360653 0.0991406 0.0251316
0 0.208876 0.861358 0.0481981 0.0252232
0 0.381401 0.459947 0.0761649 0.0271683
0 0.772816 0.330437 0.0401423 0.0236263
0 0.230359 0.460038 0.0956769 0.024707
0 0.211334 0.325672 0.0392759 0.0264082
0 0.230583 0.52778 0.0984227 0.0243769
