0 0.591438 0.92002 0.0552768 0.0264446
0 0.401236 0.418541 0.0592689 0.0256068
0 0.594125 0.516433 0.0502027 0.0262201
0 0.602925 0.852996 0.0483817 0.0291443
0 0.417327 0.616904 0.0741557 0.0260098
0 0.796161 0.816483 0.0469437 0.023526
0 0.779656 0.881218 0.0453744 0.0256827
0 0.382697 0.315427 0.0482867 0.0300175
0 0.598136 0.716914 0.0428195 0.0266338
0 0.219867 0.552324 0.0488995 0.0280788
0 0.216227 0.652917 0.0501315 0.026701
0 0.408134 0.516165 0.0471711 0.0241727
0 0.611411 0.316418 0.0479391 0.0260198
0 0.603691 0.382846 0.0504067 0.0258541
0 0.60702 0.818765 0.047378 0.0269779
0 0.789598 0.414355 0.052303 0.0268972
0 0.590314 0.581494 0.0418315 0.0255831
0 0.598284 0.481148 0.0649947 0.0257627
0 0.786265 0.715122 0.0453849 0.0273604
0 0.21166 0.352383 0.0504756 0.0302146
0 0.409786 0.717867 0.0470694 0.0273066
0 0.415072 0.852354 0.0524013 0.0257057
0 0.789937 0.68124 0.0491196 0.0254168
0 0.608911 0.416072 0.0718485 0.0276592
0 0.781761 0.581474 0.0510618 0.0251206
0 0.597633 0.887036 0.0504834 0.0274257
0 0.792007 0.480334 0.0700641 0.0247314
0 0.786106 0.381263 0.0696689 0.0254983
0 0.21966 0.317038 0.0435129 0.0272815
0 0.413372 0.751612 0.0485585 0.0262512
0 0.603568 0.615238 0.0731106 0.0278238
0 0.218455 0.419334 0.0541617 0.0254729
0 0.237418 0.791309 0.0838018 0.0275312
0 0.785282 0.316251 0.0418545 0.0266526
0 0.383619 0.351525 0.0445471 0.0286732
0 0.221627 0.757987 0.0495395 0.0273342
0 0.782215 0.849007 0.0485074 0.0259014
0 0.410953 0.684628 0.0443018 0.0268454
0 0.409684 0.483228 0.0802479 0.026209
0 0.790124 0.447178 0.069409 0.0250793
0 0.607643 0.549835 0.073071 0.0261577
0 0.415922 0.819049 0.0520603 0.0250963
0 0.391547 0.450286 0.0749397 0.0281075
0 0.421122 0.582338 0.0990043 0.0268196
0 0.396603 0.384796 0.0492666 0.0276754
0 0.406456 0.922761 0.0475785 0.0256405
0 0.408239 0.957116 0.0459007 0.0259308
0 0.411562 0.651264 0.0830758 0.0263966
0 0.782154 0.545684 0.0350351 0.0257016
0 0.21739 0.586002 0.0511733 0.0268186
0 0.603576 0.682711 0.0700435 0.0260242
0 0.220279 0.825245 0.0493386 0.0301077
0 0.594325 0.78429 0.0464388 0.0285943
0 0.429676 0.547145 0.0563731 0.0249776
0 0.240144 0.520269 0.105099 0.0243014
0 0.781374 0.513191 0.0525062 0.0273365
0 0.792456 0.782637 0.0719039 0.0277734
0 0.59632 0.449536 0.0433519 0.0241419
0 0.23372 0.61967 0.0874495 0.0252951
0 0.789048 0.749224 0.0518707 0.0280714
0 0.221091 0.924485 0.0452088 0.0255928
0 0.785225 0.348216 0.0405385 0.0284294
0 0.598898 0.749173 0.0532702 0.0272932
0 0.220588 0.722405 0.0543461 0.0277652
0 0.408206 0.786232 0.0591135 0.0272494
0 0.591363 0.648715 0.0495725 0.027098
0 0.786684 0.614011 0.0668018 0.0273296
0 0.793875 0.64809 0.0483278 0.0270381
0 0.236235 0.686713 0.0713805 0.0275783
0 0.418558 0.88917 0.0952022 0.0274529
0 0.241777 0.891564 0.0979121 0.0272274
0 0.219543 0.486884 0.0501935 0.0251389
0 0.218472 0.3858 0.0538563 0.0257756
0 0.219051 0.859849 0.0508803 0.028567
0 0.236541 0.452059 0.0970783 0.0281216
0 0.61781 0.350862 0.101436 0.0295475
0 0.214086 0.959021 0.087423 0.0281395
