0 0.202410 0.340533 0.062500 0.021752
0 0.388480 0.341912 0.060458 0.020221
0 0.202614 0.367494 0.077614 0.024203
0 0.405229 0.368566 0.087418 0.021446
0 0.199959 0.396140 0.056781 0.024510
0 0.396855 0.395680 0.062500 0.020527
0 0.404412 0.421569 0.062092 0.020833
0 0.209559 0.421875 0.086601 0.024510
0 0.210172 0.448989 0.084559 0.020527
0 0.400327 0.449295 0.083333 0.022365
0 0.203023 0.475490 0.058824 0.022059
0 0.399101 0.475797 0.081699 0.022059
0 0.209967 0.502298 0.074346 0.020527
0 0.398489 0.502298 0.087827 0.021140
0 0.385008 0.528339 0.060049 0.022365
0 0.208129 0.528493 0.078023 0.022059
0 0.209559 0.555607 0.069444 0.022365
0 0.408905 0.554534 0.101307 0.024510
0 0.216912 0.580882 0.091503 0.026961
0 0.414011 0.582414 0.091095 0.026348
0 0.417075 0.609222 0.103758 0.020527
0 0.217320 0.607537 0.068627 0.020833
0 0.219158 0.635263 0.117239 0.024203
0 0.407475 0.634344 0.094363 0.022365
0 0.220997 0.663143 0.090686 0.024816
0 0.410948 0.660999 0.094771 0.025429
0 0.224673 0.688725 0.115196 0.020833
0 0.415237 0.688113 0.115605 0.022059
0 0.223243 0.714920 0.103350 0.021752
0 0.418301 0.714920 0.119281 0.023591
0 0.230596 0.742800 0.112337 0.023591
0 0.222835 0.770067 0.097631 0.024203
0 0.415850 0.742800 0.110294 0.024816
0 0.396650 0.769455 0.085784 0.022365
0 0.405842 0.794730 0.100899 0.022672
0 0.215278 0.795496 0.091503 0.022978
0 0.214052 0.820312 0.116013 0.023591
0 0.413399 0.822610 0.121732 0.025123
0 0.386438 0.848805 0.082516 0.022978
0 0.225694 0.847733 0.106618 0.024510
0 0.616422 0.342678 0.083333 0.022978
0 0.813725 0.342218 0.122549 0.024510
0 0.629493 0.369792 0.120915 0.024510
0 0.800858 0.370404 0.081291 0.022059
0 0.817198 0.395987 0.087827 0.022978
0 0.615605 0.397672 0.087418 0.021446
0 0.607435 0.424786 0.056373 0.022978
0 0.810662 0.424939 0.091912 0.022672
0 0.621528 0.450521 0.098448 0.024816
0 0.821487 0.450674 0.103758 0.022672
0 0.621119 0.476103 0.090278 0.026348
0 0.826593 0.477328 0.109069 0.023897
0 0.618668 0.500919 0.089461 0.025735
0 0.836397 0.501685 0.130310 0.023591
0 0.614379 0.527880 0.071895 0.021446
0 0.815155 0.530025 0.092729 0.024510
0 0.613766 0.554994 0.064134 0.021752
0 0.823121 0.554841 0.108660 0.023897
0 0.820057 0.582567 0.103350 0.025429
0 0.620098 0.582261 0.094771 0.024816
0 0.619894 0.608150 0.101716 0.024510
0 0.821691 0.609375 0.103350 0.023897
0 0.623775 0.634038 0.113562 0.024203
0 0.824551 0.637102 0.118873 0.022978
0 0.629289 0.661458 0.127859 0.025735
0 0.826797 0.662224 0.122549 0.024203
0 0.630719 0.688266 0.127451 0.023591
0 0.815768 0.689185 0.088235 0.024816
0 0.817810 0.715074 0.085784 0.023897
0 0.627042 0.715533 0.123366 0.025429
0 0.612337 0.742494 0.096405 0.024203
0 0.825776 0.741575 0.125408 0.022365
0 0.640114 0.768995 0.142974 0.025735
0 0.806781 0.768229 0.075163 0.024203
0 0.642565 0.794730 0.162582 0.025123
