0 0.207312 0.378983 0.046160 0.017770
0 0.403391 0.380055 0.046160 0.018689
0 0.207721 0.404565 0.042075 0.020527
0 0.404412 0.405637 0.035948 0.019608
0 0.219363 0.429994 0.044118 0.018076
0 0.413807 0.432445 0.044118 0.019914
0 0.215686 0.456955 0.041667 0.019301
0 0.427083 0.456801 0.072304 0.019608
0 0.224060 0.482230 0.060866 0.022059
0 0.429126 0.484069 0.070670 0.020833
0 0.218137 0.508885 0.054739 0.022672
0 0.434641 0.508885 0.065359 0.019608
0 0.230188 0.534773 0.079657 0.020527
0 0.428717 0.534161 0.078840 0.019301
0 0.229167 0.561734 0.089052 0.021752
0 0.419935 0.560049 0.082516 0.020221
0 0.232639 0.588542 0.089461 0.020833
0 0.428717 0.587163 0.081291 0.020527
0 0.225490 0.614890 0.058007 0.020221
0 0.430351 0.614583 0.074755 0.020833
0 0.219158 0.640165 0.059232 0.022365
0 0.424632 0.640778 0.069036 0.024203
0 0.229779 0.666667 0.088644 0.022059
0 0.428105 0.665748 0.064542 0.021446
0 0.213440 0.693781 0.042892 0.019914
0 0.427492 0.694700 0.077206 0.022978
0 0.234681 0.719975 0.098448 0.022672
0 0.429534 0.721048 0.087010 0.021140
0 0.223856 0.747855 0.075980 0.022672
0 0.422794 0.750613 0.071895 0.018995
0 0.217525 0.774357 0.065768 0.021140
0 0.415033 0.774969 0.060458 0.021140
0 0.216912 0.802237 0.067810 0.021752
0 0.415645 0.803309 0.053513 0.019608
0 0.225899 0.827819 0.080065 0.021446
0 0.419526 0.830116 0.061275 0.022365
0 0.219771 0.853248 0.072712 0.022059
0 0.425858 0.858303 0.078023 0.021752
0 0.234477 0.882353 0.104575 0.023897
0 0.413399 0.885570 0.087418 0.022365
0 0.628472 0.378983 0.061683 0.025123
0 0.822508 0.378370 0.098448 0.020833
0 0.635621 0.404871 0.075980 0.018689
0 0.822304 0.404412 0.068627 0.020833
0 0.637255 0.430607 0.076797 0.020527
0 0.824959 0.433058 0.084559 0.019914
0 0.629902 0.456189 0.071078 0.020221
0 0.822304 0.458333 0.069444 0.020221
0 0.624796 0.483150 0.060866 0.018995
0 0.816176 0.483915 0.061275 0.018689
0 0.629902 0.509344 0.071078 0.022365
0 0.825776 0.509038 0.067402 0.019914
0 0.626225 0.536152 0.066176 0.022059
0 0.818627 0.537377 0.044935 0.019608
0 0.621119 0.563879 0.038807 0.021752
0 0.825776 0.561734 0.067402 0.021140
0 0.609477 0.587623 0.050654 0.022672
0 0.823121 0.590533 0.044118 0.018689
0 0.615605 0.613664 0.056373 0.018382
0 0.836397 0.615962 0.081291 0.019914
0 0.629289 0.642004 0.087010 0.022978
0 0.828431 0.641544 0.077614 0.022059
0 0.642361 0.668199 0.112337 0.022059
0 0.835784 0.668505 0.087418 0.020833
0 0.614175 0.698070 0.060049 0.021140
0 0.838235 0.697763 0.072712 0.021140
0 0.611520 0.724418 0.045752 0.023591
0 0.837214 0.725797 0.067402 0.021446
0 0.613971 0.751072 0.066993 0.022365
0 0.832721 0.751225 0.068219 0.020221
0 0.607230 0.779871 0.046160 0.020527
0 0.825368 0.780025 0.044526 0.019608
0 0.626225 0.805607 0.092320 0.019914
0 0.823121 0.806219 0.089052 0.021752
0 0.618464 0.832874 0.069444 0.021140
0 0.822100 0.833333 0.075572 0.020221
0 0.611724 0.859528 0.046160 0.018689
0 0.830678 0.861060 0.078840 0.019301
0 0.637255 0.887408 0.071895 0.021140
