0 0.207721 0.363358 0.043709 0.020833
0 0.407271 0.364277 0.071895 0.023284
0 0.403799 0.388327 0.054330 0.021752
0 0.414420 0.414369 0.072304 0.019301
0 0.223448 0.388174 0.082516 0.020221
0 0.212010 0.414522 0.046569 0.020221
0 0.230188 0.438879 0.075572 0.019914
0 0.419118 0.439798 0.051471 0.018689
0 0.219771 0.465993 0.044118 0.018995
0 0.416667 0.464461 0.051471 0.021446
0 0.414216 0.490349 0.079248 0.019914
0 0.223652 0.490196 0.064951 0.020833
0 0.210989 0.515778 0.077206 0.019914
0 0.412173 0.515472 0.065359 0.018689
0 0.409926 0.542126 0.054330 0.021140
0 0.224877 0.541054 0.100899 0.019608
0 0.228962 0.567555 0.074755 0.019301
0 0.232435 0.592678 0.092320 0.019914
0 0.219158 0.618107 0.060866 0.020527
0 0.228758 0.643842 0.073529 0.018689
0 0.415237 0.567249 0.069036 0.018689
0 0.416462 0.592831 0.091912 0.017770
0 0.407680 0.618719 0.060458 0.018076
0 0.413603 0.644761 0.072304 0.020527
0 0.409722 0.670650 0.048203 0.018995
0 0.223856 0.672028 0.042484 0.020527
0 0.226511 0.696078 0.069853 0.021446
0 0.415237 0.695159 0.045343 0.019608
0 0.408088 0.721201 0.049837 0.020221
0 0.221609 0.721661 0.047794 0.019914
0 0.232435 0.747243 0.080882 0.018995
0 0.415850 0.746477 0.042484 0.019914
0 0.415850 0.772518 0.084150 0.019301
0 0.239379 0.771293 0.078431 0.020527
0 0.236724 0.796415 0.092729 0.021140
0 0.219158 0.823070 0.042075 0.016850
0 0.234886 0.848958 0.093954 0.018995
0 0.414828 0.797641 0.074755 0.019914
0 0.414216 0.821538 0.076797 0.019301
0 0.404616 0.850643 0.086193 0.020527
0 0.613766 0.365656 0.094363 0.019914
0 0.797794 0.365962 0.093954 0.019914
0 0.797181 0.391085 0.073938 0.020527
0 0.614379 0.392923 0.049020 0.021140
0 0.619077 0.417279 0.078840 0.020833
0 0.809028 0.417739 0.089461 0.018689
0 0.811070 0.441789 0.091912 0.017157
0 0.625408 0.442249 0.089869 0.019914
0 0.620302 0.469822 0.063317 0.021140
0 0.811275 0.469363 0.103758 0.018382
0 0.810458 0.494332 0.082516 0.018076
0 0.811479 0.519761 0.073938 0.020527
0 0.625204 0.519608 0.064951 0.017770
0 0.628064 0.494792 0.090278 0.017770
0 0.617647 0.543045 0.078431 0.019301
0 0.811887 0.544424 0.050245 0.018382
0 0.812296 0.570312 0.078023 0.019914
0 0.617239 0.568934 0.069444 0.018995
0 0.623366 0.594822 0.075980 0.018689
0 0.621936 0.619792 0.081291 0.018995
0 0.807394 0.596661 0.095180 0.019914
0 0.803309 0.623009 0.065768 0.019301
0 0.803309 0.648744 0.048611 0.018076
0 0.811479 0.672181 0.077206 0.019608
0 0.634804 0.646293 0.104575 0.020527
0 0.618260 0.672335 0.064134 0.019914
0 0.629085 0.696998 0.084150 0.019608
0 0.807802 0.698376 0.104984 0.021140
0 0.807394 0.725643 0.082108 0.021140
0 0.805147 0.750766 0.073529 0.019914
0 0.792892 0.776961 0.044935 0.021446
0 0.625000 0.774510 0.071895 0.018995
0 0.631332 0.722120 0.089461 0.019608
0 0.620711 0.748775 0.060866 0.020833
