0 0.198734 0.405331 0.065768 0.025123
0 0.378881 0.407016 0.059232 0.021752
0 0.208742 0.433058 0.098039 0.025429
0 0.398284 0.432904 0.080065 0.022672
0 0.197304 0.459406 0.089052 0.022978
0 0.399918 0.459712 0.088235 0.023591
0 0.195057 0.485600 0.062500 0.022672
0 0.407271 0.487439 0.112745 0.022672
0 0.396855 0.513174 0.079657 0.022059
0 0.200368 0.511642 0.082108 0.023284
0 0.199346 0.539982 0.069444 0.021752
0 0.397672 0.539216 0.064951 0.020221
0 0.215482 0.565870 0.107435 0.023897
0 0.420343 0.566483 0.120915 0.022059
0 0.216503 0.591759 0.108660 0.022365
0 0.391340 0.592678 0.087418 0.022365
0 0.209559 0.619332 0.089869 0.022978
0 0.403799 0.620711 0.094363 0.022059
0 0.217320 0.645833 0.085784 0.023284
0 0.402982 0.646599 0.100082 0.022978
0 0.228758 0.672335 0.124183 0.024816
0 0.391340 0.672794 0.080065 0.023897
0 0.400940 0.699142 0.085376 0.023897
0 0.222018 0.698223 0.097631 0.023284
0 0.213440 0.725031 0.059232 0.024816
0 0.403391 0.725643 0.098448 0.023591
0 0.228350 0.750919 0.119281 0.026348
0 0.414420 0.752298 0.105801 0.023591
0 0.416871 0.776501 0.118056 0.023591
0 0.213848 0.776042 0.081291 0.021446
0 0.395833 0.803156 0.078431 0.021752
0 0.227737 0.803156 0.117239 0.022978
0 0.213235 0.827819 0.089869 0.023284
0 0.400531 0.829350 0.083742 0.022672
0 0.227737 0.851409 0.109069 0.023284
0 0.416258 0.854933 0.119281 0.022365
0 0.405025 0.880055 0.085376 0.021752
0 0.234886 0.879136 0.121732 0.022978
0 0.244690 0.903493 0.133170 0.022672
0 0.414828 0.905025 0.109069 0.022672
0 0.634395 0.408701 0.143791 0.022059
0 0.799632 0.409620 0.080474 0.026348
0 0.799632 0.437040 0.082925 0.024816
0 0.595997 0.435049 0.053105 0.025735
0 0.645833 0.461244 0.169118 0.022978
