0 0.218546 0.314338 0.039216 0.019608
0 0.416667 0.316330 0.042484 0.018689
0 0.224673 0.342525 0.039216 0.023897
0 0.428105 0.343290 0.079248 0.021752
0 0.217320 0.371170 0.061275 0.022365
0 0.431781 0.371477 0.040850 0.021752
0 0.225286 0.399050 0.055964 0.021140
0 0.426471 0.401654 0.043301 0.019608
0 0.231005 0.426164 0.070670 0.020221
0 0.430760 0.427543 0.074755 0.021752
0 0.226920 0.457874 0.053513 0.019301
0 0.428922 0.456036 0.042484 0.022365
0 0.227737 0.484069 0.080474 0.022672
0 0.430351 0.485447 0.043709 0.019301
0 0.218750 0.512255 0.045343 0.023284
0 0.429739 0.513174 0.063725 0.020221
0 0.243668 0.543658 0.109886 0.021752
0 0.430760 0.543352 0.078840 0.020527
0 0.231413 0.570159 0.087010 0.018382
0 0.434641 0.571232 0.060458 0.019301
0 0.228145 0.600184 0.069036 0.021446
0 0.432394 0.601409 0.078840 0.020833
0 0.231005 0.628523 0.073938 0.020527
0 0.421977 0.628370 0.062908 0.022672
0 0.235090 0.658854 0.087827 0.021140
0 0.430964 0.658395 0.067810 0.018995
0 0.216503 0.689491 0.040850 0.017463
0 0.433211 0.685355 0.076389 0.018382
0 0.220588 0.715686 0.077614 0.022672
0 0.435253 0.714461 0.074755 0.022059
0 0.222018 0.746170 0.072304 0.019914
0 0.431985 0.744179 0.058415 0.024510
0 0.238766 0.772978 0.104167 0.022672
0 0.435458 0.776348 0.065359 0.020833
0 0.238358 0.802083 0.099265 0.023284
0 0.440768 0.802849 0.068627 0.023591
0 0.227124 0.830729 0.060458 0.022978
0 0.441381 0.833640 0.076389 0.023897
0 0.231413 0.862439 0.060866 0.020221
0 0.451593 0.865349 0.080474 0.023591
0 0.671160 0.313113 0.095588 0.020833
0 0.870098 0.311887 0.067810 0.020221
0 0.667279 0.341759 0.075572 0.019914
0 0.877655 0.339767 0.067402 0.025123
0 0.659314 0.371477 0.049020 0.020527
0 0.880923 0.369026 0.072304 0.022365
0 0.669526 0.400888 0.066993 0.022978
0 0.882966 0.398131 0.068219 0.025429
0 0.678513 0.428156 0.089052 0.019914
0 0.878268 0.428002 0.071895 0.020833
0 0.673407 0.456955 0.077206 0.019301
0 0.892361 0.457108 0.097631 0.021446
0 0.660743 0.484988 0.122141 0.023897
