0 0.221201 0.366422 0.060866 0.020833
0 0.396855 0.368107 0.045343 0.018689
0 0.215482 0.392310 0.077206 0.021752
0 0.410743 0.394148 0.071487 0.019914
0 0.212623 0.418964 0.053513 0.020527
0 0.409518 0.420343 0.082108 0.019608
0 0.221609 0.446538 0.098448 0.019914
0 0.409926 0.446385 0.046160 0.020221
0 0.227941 0.472580 0.073529 0.019914
0 0.425041 0.473192 0.083742 0.019301
0 0.220588 0.497855 0.050654 0.020221
0 0.410539 0.497702 0.053105 0.018689
0 0.214052 0.525276 0.086601 0.019914
0 0.417279 0.525429 0.055147 0.018995
0 0.218342 0.551011 0.060866 0.018689
0 0.421569 0.552083 0.083333 0.019608
0 0.217525 0.579197 0.079657 0.020527
0 0.427083 0.577512 0.053513 0.018995
0 0.221609 0.603860 0.051062 0.018382
0 0.426675 0.604013 0.055964 0.018689
0 0.219567 0.631434 0.083742 0.020221
0 0.418709 0.627451 0.077614 0.020221
0 0.222018 0.655790 0.082108 0.018689
0 0.425858 0.654871 0.083742 0.019301
0 0.227124 0.681679 0.102941 0.017770
0 0.419526 0.682292 0.106209 0.018995
0 0.216095 0.708946 0.049837 0.018995
0 0.412377 0.709252 0.087010 0.020833
0 0.225899 0.734835 0.093954 0.019914
0 0.424837 0.733303 0.102124 0.020527
0 0.220384 0.761029 0.110703 0.018995
0 0.411152 0.759344 0.070670 0.021140
0 0.213235 0.787224 0.052288 0.018689
0 0.413603 0.785080 0.087827 0.019301
0 0.227124 0.811581 0.112745 0.020221
0 0.416667 0.812194 0.110294 0.018995
0 0.225490 0.837010 0.111111 0.021446
0 0.428717 0.836091 0.082925 0.018995
0 0.228145 0.861826 0.089461 0.019608
0 0.417484 0.863205 0.111111 0.018689
0 0.636846 0.369179 0.115196 0.021446
0 0.825572 0.371170 0.123366 0.021140
0 0.630310 0.396140 0.089052 0.023897
0 0.830678 0.397365 0.129493 0.020833
0 0.637459 0.420956 0.099265 0.020833
0 0.815972 0.422488 0.082108 0.020833
0 0.636029 0.449602 0.093137 0.020527
0 0.828431 0.450368 0.094771 0.020833
0 0.638276 0.475184 0.092729 0.020221
0 0.828636 0.476256 0.090278 0.018689
0 0.631740 0.501379 0.081291 0.022365
0 0.639502 0.528799 0.093546 0.020221
0 0.818219 0.502145 0.051471 0.022059
0 0.830678 0.527880 0.084559 0.022059
0 0.830270 0.554228 0.117239 0.020833
0 0.637459 0.553922 0.111520 0.019608
0 0.640523 0.579197 0.091503 0.019914
0 0.829044 0.580576 0.087827 0.020833
0 0.639297 0.605086 0.091503 0.021446
0 0.828840 0.605392 0.087418 0.021446
0 0.639910 0.630668 0.098448 0.022365
0 0.824551 0.633119 0.103350 0.019301
0 0.825980 0.658395 0.052288 0.019608
0 0.640114 0.657016 0.102124 0.018689
