0 0.201797 0.350797 0.043301 0.018995
0 0.211193 0.376225 0.064542 0.020833
0 0.213644 0.404105 0.049837 0.019608
0 0.218750 0.431219 0.069036 0.020527
0 0.218954 0.458333 0.045752 0.020221
0 0.400735 0.350184 0.070261 0.022059
0 0.400735 0.376225 0.047386 0.018382
0 0.404616 0.405331 0.046160 0.017157
0 0.413807 0.431219 0.076797 0.019914
0 0.421160 0.458487 0.088235 0.019301
0 0.416054 0.483762 0.064951 0.022059
0 0.214052 0.483609 0.093137 0.019914
0 0.228145 0.510417 0.092729 0.018995
0 0.217525 0.538450 0.071487 0.018689
0 0.417892 0.510570 0.096405 0.019914
0 0.408497 0.536918 0.058007 0.019301
0 0.404820 0.564951 0.046569 0.017770
0 0.217320 0.564951 0.059641 0.018995
0 0.210172 0.593137 0.040441 0.016544
0 0.417279 0.590839 0.071487 0.017463
0 0.225490 0.618107 0.093137 0.018076
0 0.419730 0.618260 0.088644 0.017770
0 0.424837 0.643536 0.097222 0.017463
0 0.237541 0.645987 0.115605 0.018076
0 0.232843 0.671262 0.100490 0.020833
0 0.418301 0.670650 0.067810 0.020221
0 0.230596 0.697457 0.087827 0.018076
0 0.426062 0.697763 0.083333 0.019914
0 0.409518 0.723958 0.046160 0.020221
0 0.211806 0.725490 0.039624 0.018995
0 0.223448 0.750306 0.071895 0.020833
0 0.218954 0.776195 0.059641 0.019301
0 0.234273 0.802696 0.075572 0.020221
0 0.234886 0.826900 0.074346 0.018382
0 0.226307 0.853707 0.042484 0.017463
0 0.422386 0.748928 0.066993 0.019301
0 0.412582 0.775429 0.091503 0.018995
0 0.408497 0.800705 0.069444 0.016850
0 0.410539 0.827972 0.063725 0.018076
0 0.409518 0.854320 0.060049 0.018076
0 0.623570 0.350337 0.063317 0.019301
0 0.823529 0.349571 0.088235 0.021446
0 0.821078 0.377145 0.049837 0.018995
0 0.630310 0.377145 0.062908 0.019608
0 0.624183 0.405484 0.042484 0.018689
0 0.632557 0.432292 0.054330 0.019608
0 0.626838 0.459559 0.046160 0.017157
0 0.830882 0.404565 0.080882 0.020527
0 0.834150 0.433058 0.104575 0.020527
0 0.825368 0.458487 0.048611 0.018076
0 0.842116 0.486366 0.077206 0.019301
0 0.638276 0.485141 0.094363 0.019301
0 0.636234 0.512868 0.078840 0.018382
0 0.853962 0.512868 0.104167 0.020833
0 0.823938 0.537224 0.076797 0.020527
0 0.641953 0.538756 0.109069 0.019914
0 0.655229 0.563879 0.136438 0.017463
0 0.635212 0.591759 0.067810 0.018689
0 0.630106 0.618719 0.070670 0.021140
0 0.635417 0.644455 0.075572 0.018076
0 0.635212 0.672181 0.064542 0.017770
0 0.638480 0.697610 0.068627 0.017157
0 0.639502 0.725950 0.091095 0.017463
0 0.641953 0.751685 0.082108 0.017463
0 0.640523 0.777267 0.127451 0.017770
0 0.632149 0.803922 0.104167 0.016544
0 0.645833 0.829657 0.120915 0.015931
0 0.627247 0.855086 0.093546 0.018995
0 0.834355 0.853248 0.047794 0.018382
0 0.823529 0.828585 0.075980 0.018689
0 0.830882 0.803462 0.080882 0.017463
0 0.833129 0.777114 0.091095 0.020527
0 0.849673 0.751072 0.093137 0.020527
0 0.840278 0.723652 0.080065 0.020221
0 0.835580 0.699449 0.073938 0.019608
0 0.835376 0.671875 0.073529 0.021446
0 0.830474 0.646599 0.047386 0.017463
0 0.832925 0.619332 0.068627 0.019301
0 0.830065 0.593290 0.069444 0.019914
0 0.839052 0.565717 0.107026 0.021140
