0 0.188687 0.329956 0.047277 0.020899
0 0.385817 0.330272 0.048122 0.019633
0 0.201984 0.357505 0.074715 0.019633
0 0.392782 0.356555 0.077248 0.020899
0 0.191220 0.384896 0.047277 0.022483
0 0.379696 0.384104 0.044322 0.021533
0 0.208105 0.411495 0.088645 0.023749
0 0.390038 0.412445 0.081891 0.023116
0 0.196496 0.439519 0.059519 0.018999
0 0.379696 0.439835 0.055298 0.016466
0 0.203883 0.464851 0.082735 0.022799
0 0.389827 0.465326 0.083157 0.020583
0 0.215703 0.493192 0.073449 0.021849
0 0.388983 0.491925 0.069650 0.020583
0 0.195441 0.520741 0.087801 0.021216
0 0.392993 0.520424 0.090333 0.020583
0 0.193542 0.548607 0.057830 0.021849
0 0.388772 0.546548 0.057408 0.020899
0 0.194808 0.575047 0.063740 0.022799
0 0.399958 0.574098 0.083157 0.021533
0 0.198818 0.604180 0.068383 0.023433
0 0.395737 0.602122 0.052765 0.023116
0 0.202828 0.633312 0.079780 0.022799
0 0.391304 0.629512 0.051499 0.021533
0 0.212959 0.660228 0.102575 0.022799
0 0.415998 0.657220 0.118615 0.023749
0 0.195441 0.687935 0.060785 0.021216
0 0.401857 0.686194 0.086957 0.023433
0 0.215492 0.715168 0.118615 0.022483
0 0.412199 0.713268 0.101731 0.021216
0 0.213381 0.746200 0.092444 0.023116
0 0.407556 0.741767 0.101731 0.023749
0 0.210848 0.774541 0.093288 0.022799
0 0.402279 0.772008 0.060785 0.024066
0 0.219502 0.802090 0.120726 0.021533
0 0.413677 0.799715 0.105530 0.023116
0 0.200507 0.830114 0.082735 0.023749
0 0.418320 0.828056 0.117349 0.024066
0 0.207049 0.860196 0.111017 0.023749
0 0.403968 0.857346 0.051499 0.023116
0 0.609540 0.332014 0.081047 0.021216
0 0.797594 0.330431 0.079780 0.021216
0 0.617560 0.358138 0.087801 0.022166
0 0.807092 0.356238 0.105530 0.019633
0 0.621359 0.383946 0.103841 0.022483
0 0.811946 0.382837 0.089067 0.020266
0 0.626425 0.411178 0.103841 0.021849
0 0.819544 0.409595 0.114394 0.022483
0 0.602364 0.438569 0.056564 0.021533
0 0.810891 0.436985 0.091178 0.022799
0 0.606796 0.465484 0.073027 0.022799
0 0.808147 0.463585 0.085690 0.021533
0 0.606163 0.491767 0.061629 0.020899
0 0.811102 0.489867 0.102575 0.022166
0 0.619671 0.519474 0.094555 0.025016
0 0.806881 0.515674 0.089911 0.021216
0 0.612284 0.545915 0.085690 0.020899
0 0.817856 0.543224 0.101731 0.022483
0 0.621359 0.572673 0.096243 0.023116
0 0.803081 0.571248 0.084846 0.022166
0 0.605741 0.599588 0.048122 0.019949
0 0.810469 0.598005 0.090333 0.022483
0 0.621570 0.627612 0.074715 0.020899
0 0.813634 0.624763 0.071338 0.022166
0 0.621570 0.655636 0.086534 0.023116
0 0.829675 0.652628 0.103419 0.022799
0 0.633601 0.683186 0.111439 0.022483
0 0.815745 0.681127 0.078092 0.023433
0 0.631279 0.710260 0.107640 0.022166
0 0.820177 0.709468 0.081047 0.022483
0 0.609329 0.738284 0.048544 0.021216
0 0.800971 0.736859 0.051076 0.020899
0 0.619882 0.768841 0.074715 0.020899
0 0.808569 0.763141 0.083157 0.020266
0 0.611017 0.796865 0.051076 0.024383
0 0.812368 0.791799 0.081469 0.022483
0 0.637822 0.826631 0.102997 0.023116
0 0.821444 0.820456 0.085268 0.025332
0 0.649008 0.852597 0.113550 0.023749
0 0.826087 0.848797 0.104686 0.022483
