0 0.191585 0.366728 0.056373 0.022059
0 0.380515 0.366728 0.089461 0.022672
0 0.196691 0.394608 0.051879 0.019608
0 0.375817 0.394608 0.055556 0.019608
0 0.208129 0.422794 0.082925 0.018995
0 0.393791 0.423407 0.081699 0.020833
0 0.192606 0.449602 0.051062 0.021140
0 0.389706 0.449908 0.060458 0.018689
0 0.205882 0.478860 0.082516 0.019608
0 0.396855 0.476256 0.038807 0.018689
0 0.211601 0.505208 0.087418 0.018995
0 0.408292 0.505821 0.095180 0.020221
0 0.198734 0.532322 0.069853 0.021752
0 0.396038 0.532629 0.051062 0.018689
0 0.194649 0.560355 0.053513 0.019608
0 0.416258 0.559436 0.101307 0.020833
0 0.202206 0.588235 0.110294 0.019608
0 0.400531 0.587163 0.046977 0.018689
0 0.187092 0.615349 0.053105 0.022365
0 0.407271 0.612898 0.090686 0.019301
0 0.209150 0.641850 0.116830 0.022059
0 0.400940 0.640778 0.100899 0.019914
0 0.197712 0.669730 0.076797 0.020833
0 0.401348 0.668658 0.082925 0.018689
0 0.204044 0.696844 0.086193 0.020527
0 0.415237 0.696538 0.111520 0.019301
0 0.198529 0.725643 0.050654 0.017463
0 0.407475 0.724571 0.105801 0.019608
0 0.204248 0.751685 0.107026 0.022365
0 0.411356 0.751532 0.107843 0.022059
0 0.212010 0.778952 0.109477 0.021752
0 0.409722 0.780178 0.106209 0.022365
0 0.209150 0.805607 0.103758 0.021140
0 0.409314 0.806066 0.091503 0.020221
0 0.411356 0.833487 0.080882 0.021140
0 0.207925 0.832414 0.078431 0.021446
0 0.206699 0.858303 0.071078 0.021140
0 0.417075 0.859988 0.100490 0.020221
0 0.407475 0.886489 0.083742 0.020527
0 0.214461 0.886336 0.093137 0.020221
0 0.613358 0.366728 0.080474 0.022059
0 0.822917 0.365349 0.095180 0.021752
0 0.619690 0.393995 0.082516 0.020833
0 0.834763 0.393842 0.099265 0.019914
0 0.841912 0.420803 0.063725 0.019914
0 0.622345 0.421262 0.084559 0.022059
