0 0.246732 0.364583 0.038399 0.016544
0 0.440972 0.364430 0.036356 0.015012
0 0.252042 0.389706 0.064542 0.020833
0 0.446078 0.386795 0.040850 0.016850
0 0.242239 0.416667 0.035948 0.017157
0 0.441993 0.413450 0.043301 0.020527
0 0.244077 0.441789 0.038807 0.018382
0 0.431781 0.439951 0.074346 0.017157
0 0.238766 0.467831 0.059232 0.018995
0 0.445466 0.463542 0.037990 0.015319
0 0.238154 0.491575 0.053922 0.020527
0 0.442606 0.491115 0.061683 0.020221
0 0.239788 0.517770 0.035131 0.019608
0 0.453227 0.516238 0.044526 0.016544
0 0.240400 0.545037 0.034722 0.017770
0 0.448325 0.544424 0.066585 0.018995
0 0.243668 0.573683 0.032271 0.018689
0 0.442402 0.569393 0.038399 0.016850
0 0.230188 0.598499 0.074755 0.016850
0 0.452410 0.594210 0.046160 0.018689
0 0.243056 0.622855 0.056373 0.017770
0 0.445261 0.623928 0.062092 0.018076
0 0.236724 0.652727 0.049428 0.018689
0 0.447712 0.649510 0.053922 0.018995
0 0.238766 0.679381 0.046977 0.022365
0 0.444444 0.676317 0.033497 0.019914
0 0.231005 0.706648 0.068219 0.018689
0 0.447712 0.704197 0.043301 0.019914
0 0.226307 0.733456 0.030229 0.018995
0 0.442198 0.730086 0.056781 0.015931
0 0.229167 0.759191 0.058007 0.018382
0 0.432802 0.759191 0.062500 0.016544
0 0.223039 0.787684 0.072712 0.017770
0 0.433007 0.786458 0.061275 0.022672
0 0.223448 0.814951 0.062908 0.019608
0 0.433415 0.813725 0.062092 0.017770
0 0.228962 0.840227 0.064951 0.018076
0 0.439338 0.839461 0.064951 0.016544
0 0.433824 0.867647 0.078431 0.016544
0 0.231822 0.866575 0.062500 0.016850
0 0.638685 0.360294 0.048611 0.017157
0 0.826389 0.357690 0.071895 0.016238
0 0.635825 0.387102 0.069036 0.015012
0 0.822917 0.382200 0.062500 0.015012
0 0.627451 0.413297 0.032680 0.017157
0 0.820057 0.408395 0.046160 0.020833
0 0.637459 0.435815 0.057598 0.018076
0 0.833333 0.435355 0.071078 0.016544
0 0.655433 0.464001 0.080474 0.016850
0 0.832108 0.463848 0.067810 0.016544
0 0.651144 0.492800 0.076797 0.016238
0 0.824142 0.489890 0.051879 0.015931
0 0.650123 0.515472 0.034722 0.017463
0 0.837418 0.513787 0.064542 0.015319
0 0.646038 0.543811 0.032271 0.017157
0 0.839257 0.541667 0.063317 0.015931
0 0.659109 0.570925 0.075572 0.018076
0 0.842116 0.568934 0.063317 0.018382
0 0.656658 0.595129 0.048611 0.019914
0 0.841503 0.593137 0.071078 0.021446
0 0.656863 0.623162 0.072712 0.015931
0 0.842116 0.619792 0.069036 0.017157
0 0.649714 0.648131 0.046160 0.018076
0 0.836601 0.646140 0.045752 0.018995
0 0.649918 0.676011 0.049837 0.019301
0 0.841503 0.673254 0.049837 0.018076
0 0.654412 0.703431 0.054739 0.016544
0 0.842320 0.700521 0.032680 0.015625
0 0.653595 0.728554 0.031863 0.017770
0 0.848243 0.729013 0.040441 0.015625
0 0.655433 0.757659 0.073938 0.018995
0 0.850286 0.754442 0.075572 0.016850
0 0.652778 0.785692 0.075163 0.020527
0 0.843954 0.783241 0.065359 0.018689
0 0.657067 0.812500 0.073938 0.020221
0 0.844771 0.810815 0.064542 0.021140
0 0.650327 0.840533 0.042484 0.019914
0 0.848039 0.836244 0.054739 0.018076
0 0.649918 0.868413 0.062908 0.018076
0 0.842320 0.863817 0.034314 0.015625
