0 0.168913 0.339001 0.037173 0.023591
0 0.366422 0.337776 0.053922 0.020527
0 0.175858 0.365196 0.044526 0.021446
0 0.188113 0.391544 0.068219 0.020221
0 0.371732 0.365502 0.043301 0.018382
0 0.382557 0.391544 0.069853 0.020221
0 0.405433 0.419118 0.100082 0.019608
0 0.185866 0.418658 0.044935 0.019301
0 0.201797 0.446538 0.076797 0.019301
0 0.386642 0.445006 0.039624 0.022978
0 0.396242 0.472273 0.058007 0.019914
0 0.185866 0.473652 0.044935 0.021446
0 0.189542 0.500306 0.040850 0.020221
0 0.395629 0.498621 0.042075 0.016850
0 0.395833 0.523897 0.067810 0.017157
0 0.204044 0.526808 0.062500 0.020527
0 0.206291 0.553922 0.057190 0.020833
0 0.398284 0.551011 0.061275 0.021140
0 0.394608 0.578278 0.042484 0.019301
0 0.210580 0.580882 0.071487 0.018995
0 0.193627 0.607537 0.037582 0.020221
0 0.401144 0.604626 0.074346 0.019914
0 0.397467 0.631127 0.064542 0.020833
0 0.206291 0.632966 0.063725 0.020833
0 0.208129 0.659007 0.074755 0.018995
0 0.401348 0.659007 0.066585 0.018995
0 0.191789 0.687194 0.036356 0.020221
0 0.400327 0.683517 0.058824 0.020833
0 0.399918 0.711703 0.071895 0.020221
0 0.187500 0.715227 0.035131 0.020527
0 0.207516 0.738817 0.075163 0.022978
0 0.408497 0.737132 0.075163 0.020221
0 0.408905 0.765319 0.069444 0.020833
0 0.208946 0.764859 0.054330 0.021752
0 0.200163 0.791360 0.059641 0.020833
0 0.412990 0.790901 0.071895 0.022365
0 0.417484 0.817862 0.090686 0.023591
0 0.425654 0.844363 0.080065 0.020221
0 0.208333 0.843750 0.069444 0.022672
0 0.211601 0.817862 0.084967 0.021752
0 0.609069 0.337010 0.080065 0.022059
0 0.806168 0.336857 0.085376 0.021752
0 0.810866 0.361826 0.088235 0.020221
0 0.596405 0.363817 0.051471 0.021140
0 0.622753 0.390625 0.097631 0.023897
0 0.821487 0.390165 0.098856 0.020527
0 0.824551 0.416513 0.102533 0.019914
0 0.613358 0.417739 0.087010 0.022365
0 0.616830 0.446078 0.085784 0.023897
0 0.824755 0.443627 0.082516 0.021446
0 0.824959 0.470895 0.086193 0.021446
0 0.613971 0.472580 0.069444 0.020527
0 0.831495 0.498009 0.081291 0.022978
0 0.620098 0.499540 0.075163 0.022365
0 0.631536 0.525123 0.100490 0.020221
0 0.826797 0.525429 0.127451 0.020833
0 0.623570 0.552696 0.073938 0.021446
0 0.833742 0.552849 0.124183 0.022978
0 0.815359 0.578278 0.080065 0.021752
0 0.814542 0.605392 0.071078 0.023284
0 0.823325 0.632047 0.062500 0.019608
0 0.639706 0.631127 0.100490 0.020833
0 0.643791 0.605086 0.108660 0.020221
0 0.643587 0.577819 0.117239 0.020833
