0 0.202002 0.352788 0.055964 0.019301
0 0.392361 0.354013 0.048611 0.019914
0 0.212623 0.381281 0.076389 0.019301
0 0.390319 0.380515 0.056781 0.020833
0 0.217525 0.406250 0.094363 0.021446
0 0.386438 0.407169 0.076797 0.021446
0 0.213440 0.432138 0.083742 0.019914
0 0.396650 0.432751 0.062092 0.022365
0 0.224265 0.459252 0.103758 0.020833
0 0.395833 0.461091 0.070261 0.018995
0 0.230188 0.485141 0.118873 0.021140
0 0.397467 0.488051 0.087418 0.020221
0 0.210989 0.514706 0.043709 0.018382
0 0.400940 0.514859 0.091912 0.017463
0 0.206904 0.539522 0.069036 0.020833
0 0.397876 0.541973 0.066176 0.018995
0 0.213848 0.566176 0.071487 0.018382
0 0.402778 0.566023 0.045752 0.018076
0 0.406658 0.591605 0.078023 0.018382
0 0.217933 0.592065 0.067402 0.019301
0 0.401757 0.618107 0.042892 0.016850
0 0.213848 0.617034 0.060866 0.020221
0 0.410539 0.644914 0.104575 0.017770
0 0.206087 0.644914 0.042075 0.018382
0 0.209967 0.671722 0.041667 0.019301
0 0.399510 0.671875 0.061275 0.020221
0 0.214665 0.697763 0.046160 0.016850
0 0.403595 0.697610 0.045752 0.017157
0 0.411152 0.725031 0.087010 0.019914
0 0.215891 0.722886 0.069853 0.019301
0 0.220384 0.749540 0.081291 0.020527
0 0.413399 0.749540 0.049020 0.020527
0 0.228758 0.774816 0.064542 0.019608
0 0.229575 0.801164 0.090686 0.019608
0 0.403595 0.801011 0.079248 0.017463
0 0.220180 0.825827 0.064542 0.021752
0 0.399714 0.827359 0.073121 0.019301
0 0.214665 0.852635 0.060866 0.019608
0 0.401961 0.854779 0.070261 0.017770
0 0.409314 0.777114 0.044118 0.018689
0 0.607026 0.356464 0.044118 0.022365
0 0.803513 0.356618 0.074346 0.022672
0 0.609681 0.382506 0.049428 0.021140
0 0.818832 0.382659 0.099265 0.019608
0 0.630515 0.409007 0.100899 0.019608
0 0.814951 0.409314 0.092320 0.022672
0 0.633578 0.435815 0.096405 0.019914
0 0.615605 0.462623 0.068627 0.018382
0 0.819853 0.462316 0.080882 0.020221
0 0.823734 0.436887 0.097631 0.019608
0 0.631536 0.490656 0.092320 0.018076
0 0.820466 0.488205 0.075572 0.021140
0 0.635417 0.515165 0.104167 0.021140
0 0.834559 0.517157 0.124183 0.019608
0 0.629493 0.542892 0.089052 0.017770
0 0.840891 0.544271 0.122958 0.020527
0 0.630923 0.569547 0.095180 0.018995
0 0.625000 0.594669 0.063725 0.018995
0 0.625408 0.621936 0.067810 0.018995
0 0.831087 0.623468 0.068219 0.017157
0 0.833538 0.596048 0.105801 0.021140
0 0.834559 0.570159 0.108660 0.018995
