0 0.179330 0.370558 0.058007 0.021140
0 0.377859 0.372702 0.054739 0.018689
0 0.181985 0.397365 0.066585 0.020833
0 0.378881 0.397825 0.067402 0.019914
0 0.187704 0.424326 0.072304 0.018995
0 0.385621 0.423713 0.052288 0.019608
0 0.194649 0.451134 0.074755 0.021140
0 0.384600 0.450061 0.074755 0.020221
0 0.190155 0.476103 0.046977 0.020221
0 0.394608 0.475797 0.044118 0.018382
0 0.194240 0.503523 0.065768 0.019914
0 0.389910 0.503064 0.078023 0.020833
0 0.188930 0.529412 0.053513 0.018995
0 0.383987 0.529259 0.053922 0.018689
0 0.193219 0.556985 0.048203 0.018382
0 0.392157 0.556526 0.063725 0.020527
0 0.186275 0.582721 0.061275 0.017770
0 0.402165 0.581955 0.085376 0.018076
0 0.206087 0.608456 0.095180 0.021446
0 0.401552 0.606924 0.051471 0.018995
0 0.198529 0.634498 0.055556 0.022059
0 0.402574 0.636489 0.109069 0.019914
0 0.207925 0.661152 0.112745 0.018995
0 0.393178 0.661612 0.086193 0.019301
0 0.181985 0.685355 0.052696 0.018995
0 0.392361 0.686734 0.059232 0.018689
0 0.202819 0.712623 0.086193 0.020221
0 0.392974 0.713235 0.062092 0.020221
0 0.207925 0.738971 0.089052 0.020833
0 0.397672 0.738511 0.083742 0.020527
0 0.207312 0.764859 0.087827 0.019914
0 0.395629 0.763634 0.088644 0.018689
0 0.205882 0.789828 0.075163 0.020833
0 0.390727 0.791973 0.075572 0.018995
0 0.205678 0.815870 0.071487 0.018995
0 0.394199 0.817555 0.082516 0.019301
0 0.207516 0.840533 0.079248 0.019914
0 0.392361 0.841605 0.076389 0.020221
0 0.210172 0.867188 0.095997 0.019301
0 0.393791 0.867800 0.093954 0.022365
0 0.610907 0.371324 0.108252 0.022059
0 0.809232 0.372855 0.100490 0.021446
0 0.608252 0.399203 0.089052 0.020833
0 0.810458 0.398438 0.096405 0.020527
0 0.615196 0.425858 0.092320 0.022059
0 0.808824 0.424173 0.101307 0.020527
0 0.605188 0.453431 0.082925 0.020833
0 0.814542 0.452206 0.089869 0.020833
0 0.611315 0.478707 0.083742 0.021140
0 0.806373 0.480239 0.079248 0.019914
0 0.620302 0.505821 0.060866 0.022059
0 0.811070 0.505055 0.103350 0.019914
0 0.618260 0.531863 0.051062 0.017770
0 0.811479 0.531097 0.085376 0.018076
0 0.617034 0.557292 0.042892 0.020221
0 0.807598 0.557598 0.080882 0.021446
0 0.618260 0.583640 0.083742 0.020221
0 0.809641 0.583946 0.075163 0.018995
0 0.614583 0.609375 0.071487 0.020221
0 0.810253 0.611673 0.073121 0.021752
0 0.628268 0.636642 0.079248 0.019608
0 0.820670 0.637868 0.079248 0.020221
0 0.627859 0.663450 0.111111 0.018689
0 0.807598 0.665748 0.108660 0.018995
0 0.806373 0.691789 0.089869 0.020221
0 0.627451 0.689491 0.111928 0.019301
0 0.624183 0.715074 0.097222 0.018382
0 0.804330 0.715839 0.072712 0.019914
0 0.624183 0.741115 0.093954 0.019608
0 0.810049 0.743260 0.046569 0.017770
