0 0.214668 0.375153 0.087351 0.021140
0 0.402967 0.375766 0.041203 0.018076
0 0.200041 0.402114 0.049856 0.019301
0 0.410589 0.401042 0.081170 0.018382
0 0.221055 0.426930 0.077050 0.019914
0 0.410177 0.426317 0.080346 0.019914
0 0.218171 0.453125 0.047384 0.017770
0 0.416770 0.452359 0.058920 0.019914
0 0.235888 0.478707 0.080346 0.018076
0 0.426040 0.478401 0.079934 0.020527
0 0.220437 0.504289 0.046148 0.019608
0 0.416976 0.504596 0.051916 0.017770
0 0.417182 0.529718 0.066337 0.018995
0 0.221055 0.532169 0.055624 0.018382
0 0.223939 0.555913 0.112485 0.019301
0 0.210342 0.583027 0.046560 0.019608
0 0.407293 0.554381 0.077874 0.016850
0 0.414091 0.581189 0.053564 0.018382
0 0.220849 0.607537 0.077462 0.017157
0 0.412649 0.606618 0.090235 0.016544
0 0.232180 0.632659 0.105068 0.018995
0 0.418006 0.632966 0.113309 0.018382
0 0.216728 0.660999 0.074990 0.019301
0 0.419448 0.657782 0.106304 0.020833
0 0.213020 0.687347 0.050268 0.018689
0 0.411001 0.685815 0.048208 0.019301
0 0.216728 0.713235 0.053564 0.017157
0 0.422538 0.709712 0.100948 0.018076
0 0.237742 0.738205 0.118665 0.016850
0 0.420478 0.736060 0.099300 0.018689
0 0.238154 0.763021 0.126906 0.018689
0 0.416152 0.762714 0.079110 0.016850
0 0.224763 0.789828 0.079522 0.018382
0 0.422950 0.787990 0.086939 0.018382
0 0.224145 0.814491 0.075814 0.018689
0 0.420066 0.813572 0.081994 0.019914
0 0.218995 0.839461 0.049032 0.020221
0 0.412031 0.839001 0.079934 0.016850
0 0.412649 0.865043 0.053152 0.018689
0 0.229089 0.864890 0.084878 0.020221
0 0.633910 0.375306 0.108364 0.019608
0 0.822827 0.375000 0.105480 0.021446
0 0.637412 0.399969 0.107128 0.020527
0 0.813556 0.400582 0.085290 0.018689
0 0.632262 0.426777 0.105068 0.020221
0 0.831479 0.426011 0.112073 0.021140
0 0.632674 0.453278 0.077874 0.019301
0 0.832303 0.451593 0.102184 0.020221
0 0.639061 0.478401 0.105480 0.018689
0 0.818088 0.478401 0.055624 0.018689
0 0.630614 0.503983 0.080346 0.019608
0 0.835393 0.503983 0.107540 0.020221
0 0.634734 0.529718 0.081994 0.017770
0 0.825505 0.530944 0.073754 0.018382
0 0.644005 0.556373 0.086527 0.020833
0 0.832715 0.556679 0.083230 0.019608
0 0.628966 0.581495 0.077050 0.018995
0 0.838690 0.581801 0.110012 0.018995
0 0.633498 0.607077 0.100124 0.020527
0 0.833333 0.607537 0.131438 0.022059
0 0.834775 0.634804 0.112897 0.018995
0 0.622373 0.633425 0.081170 0.019301
0 0.607952 0.658854 0.051504 0.021752
0 0.825093 0.659620 0.089411 0.020833
0 0.628966 0.685509 0.080346 0.020527
0 0.831685 0.686734 0.051504 0.018689
0 0.830655 0.712929 0.114545 0.018382
0 0.643593 0.710631 0.117017 0.019301
0 0.631438 0.737132 0.112485 0.019608
0 0.826535 0.738817 0.082406 0.021752
0 0.823445 0.764859 0.096827 0.018076
0 0.820972 0.788756 0.053976 0.016850
0 0.626082 0.763480 0.091883 0.020833
0 0.637000 0.789216 0.132674 0.019608
