0 0.202002 0.347120 0.051879 0.019608
0 0.408905 0.346967 0.045752 0.021140
0 0.411152 0.376379 0.037990 0.021752
0 0.207721 0.372243 0.068219 0.022672
0 0.207312 0.398897 0.047794 0.020221
0 0.428309 0.400888 0.087010 0.019914
0 0.208538 0.426317 0.077206 0.024203
0 0.421977 0.427849 0.076797 0.021752
0 0.206904 0.452819 0.074755 0.022059
0 0.412786 0.454963 0.043709 0.020833
0 0.206087 0.479473 0.076389 0.021446
0 0.413603 0.481771 0.055964 0.018689
0 0.212418 0.507506 0.078431 0.022978
0 0.413399 0.508272 0.051471 0.020833
0 0.218546 0.534314 0.078431 0.023897
0 0.434028 0.534773 0.095997 0.023591
0 0.201185 0.560509 0.066585 0.022978
0 0.413399 0.562040 0.078431 0.021140
0 0.214461 0.587010 0.077614 0.021446
0 0.415850 0.588235 0.087418 0.021446
0 0.405637 0.614890 0.053922 0.021446
0 0.211601 0.614583 0.091503 0.020221
0 0.220588 0.642310 0.096405 0.020527
0 0.419526 0.641697 0.089052 0.021752
0 0.206904 0.667739 0.073938 0.022365
0 0.412173 0.668811 0.074346 0.020221
0 0.208946 0.696538 0.078023 0.021752
0 0.399918 0.694547 0.053922 0.018995
0 0.213644 0.724112 0.079248 0.022365
0 0.414420 0.722120 0.070670 0.022672
0 0.212827 0.747702 0.069444 0.021752
0 0.415237 0.748775 0.073938 0.022059
0 0.212010 0.772825 0.065359 0.022365
0 0.415850 0.776961 0.075163 0.018995
0 0.216708 0.800092 0.078023 0.021752
0 0.407475 0.800551 0.075572 0.019608
0 0.229984 0.827053 0.107026 0.024203
0 0.404616 0.828738 0.078023 0.020221
0 0.224469 0.853707 0.091095 0.019301
0 0.402165 0.855699 0.067402 0.022672
0 0.633374 0.346507 0.086193 0.023284
0 0.806985 0.346967 0.062500 0.024203
0 0.626225 0.374694 0.083333 0.024510
0 0.819649 0.373621 0.091912 0.021752
0 0.818832 0.400429 0.051062 0.022672
0 0.626021 0.401501 0.080474 0.022365
0 0.823529 0.428462 0.087418 0.021140
0 0.630719 0.427696 0.089052 0.018995
0 0.637868 0.456189 0.104167 0.022059
0 0.826389 0.457567 0.074346 0.019914
0 0.835172 0.483303 0.073121 0.023591
0 0.646446 0.482843 0.106618 0.020833
0 0.834967 0.510263 0.077614 0.019914
0 0.630310 0.509344 0.071895 0.021752
0 0.844975 0.536765 0.092729 0.023284
0 0.628881 0.535386 0.064951 0.020527
0 0.616830 0.562960 0.075163 0.019914
0 0.829044 0.564032 0.064134 0.021446
0 0.814542 0.590686 0.060458 0.020221
0 0.615400 0.588388 0.067402 0.021140
0 0.621324 0.615809 0.075980 0.022672
0 0.827819 0.618719 0.064951 0.020527
0 0.819853 0.644148 0.087418 0.021752
0 0.622549 0.641697 0.070261 0.019301
0 0.621324 0.671722 0.058824 0.024203
0 0.831495 0.672794 0.051879 0.018382
0 0.615809 0.696998 0.048611 0.020221
0 0.841095 0.698376 0.069444 0.021752
0 0.840891 0.726716 0.068219 0.020833
0 0.620711 0.724112 0.074755 0.021752
0 0.838031 0.752145 0.057598 0.018382
0 0.622549 0.750613 0.073529 0.018995
0 0.612132 0.776961 0.049428 0.018995
0 0.829861 0.779565 0.064134 0.022978
0 0.834967 0.805760 0.072712 0.020221
