0 0.194649 0.341912 0.055147 0.018995
0 0.384191 0.340993 0.052696 0.017157
0 0.200776 0.366575 0.052696 0.019301
0 0.383987 0.365656 0.062092 0.018689
0 0.204657 0.392004 0.071895 0.019301
0 0.390114 0.392157 0.073529 0.019608
0 0.204453 0.420803 0.054330 0.018076
0 0.393791 0.419577 0.081699 0.018689
0 0.200368 0.449142 0.053513 0.018382
0 0.382149 0.447151 0.045343 0.014400
0 0.199959 0.474112 0.047794 0.015625
0 0.394812 0.472580 0.082108 0.018076
0 0.214052 0.500919 0.081699 0.020833
0 0.404003 0.500306 0.088235 0.015931
0 0.208333 0.528493 0.080065 0.020833
0 0.388480 0.525582 0.043301 0.019301
0 0.199959 0.555300 0.067402 0.020527
0 0.398080 0.551624 0.077206 0.019914
0 0.204657 0.582108 0.079248 0.019608
0 0.405637 0.578891 0.092320 0.021140
0 0.206495 0.610907 0.073121 0.019608
0 0.408701 0.605086 0.097631 0.020833
0 0.213848 0.637255 0.087010 0.020221
0 0.405637 0.632659 0.071895 0.019608
0 0.198121 0.664675 0.053922 0.019301
0 0.401552 0.662684 0.076797 0.020833
0 0.206699 0.693168 0.077614 0.019914
0 0.394608 0.688725 0.089052 0.021446
0 0.216708 0.719210 0.091095 0.024203
0 0.399918 0.717371 0.098856 0.018689
0 0.217320 0.748928 0.103758 0.021140
0 0.413194 0.745251 0.114788 0.019914
0 0.237541 0.775735 0.120507 0.021446
0 0.411152 0.774969 0.116422 0.020527
0 0.232230 0.804534 0.122958 0.022672
0 0.391544 0.801164 0.068219 0.021446
0 0.198529 0.831342 0.058007 0.021752
0 0.390727 0.830729 0.082108 0.021752
0 0.209763 0.860600 0.080474 0.021446
0 0.389910 0.857996 0.073938 0.022978
0 0.588848 0.336703 0.037990 0.022672
0 0.784109 0.336550 0.064951 0.018076
0 0.611928 0.363205 0.087418 0.020527
0 0.807598 0.360754 0.097222 0.020527
0 0.605392 0.390931 0.074346 0.019608
0 0.798611 0.386795 0.051471 0.018076
0 0.615196 0.414982 0.075163 0.019914
0 0.805964 0.413603 0.075163 0.019608
0 0.611111 0.442249 0.077614 0.023591
0 0.800245 0.440104 0.075163 0.020527
0 0.615809 0.469822 0.082108 0.019914
0 0.797590 0.467984 0.063317 0.018689
0 0.619690 0.496017 0.083333 0.022059
0 0.805964 0.493260 0.073529 0.020833
0 0.624183 0.522365 0.091503 0.022059
0 0.811275 0.519608 0.080882 0.020833
0 0.637868 0.550858 0.103350 0.020833
0 0.816789 0.547335 0.070670 0.020527
0 0.634804 0.575214 0.098039 0.022365
0 0.813930 0.573376 0.078023 0.021140
0 0.636234 0.603094 0.106618 0.020527
0 0.826389 0.600490 0.107843 0.023284
0 0.661356 0.630668 0.147059 0.021752
