0 0.169118 0.331648 0.057190 0.020527
0 0.353758 0.330882 0.058824 0.020221
0 0.167075 0.358303 0.035131 0.018076
0 0.348652 0.356311 0.034722 0.018995
0 0.172181 0.386183 0.058415 0.018076
0 0.367034 0.384038 0.056781 0.016850
0 0.173611 0.410846 0.039216 0.019608
0 0.363154 0.408241 0.038399 0.019301
0 0.180760 0.439032 0.058415 0.020221
0 0.374387 0.436275 0.052696 0.019608
0 0.180964 0.465533 0.053105 0.017463
0 0.373775 0.463388 0.041667 0.018076
0 0.170139 0.492494 0.037173 0.019301
0 0.369485 0.489890 0.042075 0.017157
0 0.174428 0.519914 0.035131 0.017770
0 0.378881 0.514706 0.064134 0.020221
0 0.187296 0.547947 0.086193 0.018689
0 0.371324 0.544730 0.036765 0.020833
0 0.182802 0.574295 0.060049 0.020527
0 0.384191 0.571691 0.064134 0.020833
0 0.177288 0.600643 0.036765 0.018689
0 0.390727 0.599112 0.083742 0.021140
0 0.186683 0.630515 0.080065 0.018382
0 0.387051 0.626379 0.075572 0.018689
0 0.169322 0.657322 0.042075 0.024203
0 0.379085 0.656403 0.065359 0.020527
0 0.178513 0.684436 0.055556 0.020833
0 0.385417 0.680607 0.056781 0.022365
0 0.177900 0.712316 0.070670 0.021446
0 0.392361 0.711550 0.060049 0.019301
0 0.179126 0.740196 0.061683 0.020833
0 0.376634 0.738971 0.041667 0.020833
0 0.184436 0.769761 0.069853 0.021752
0 0.389093 0.767004 0.069853 0.023591
0 0.180964 0.797028 0.061275 0.019914
0 0.383987 0.794577 0.048203 0.022365
0 0.186683 0.823376 0.062092 0.020527
0 0.395833 0.822610 0.084150 0.018995
0 0.185458 0.852635 0.060458 0.017770
0 0.387255 0.850797 0.073529 0.022059
0 0.602328 0.326900 0.078023 0.020833
0 0.797590 0.324908 0.078840 0.016850
0 0.602737 0.351716 0.080474 0.022059
0 0.800041 0.350950 0.071487 0.018689
0 0.603758 0.380208 0.037582 0.018995
0 0.798407 0.378676 0.039624 0.017770
0 0.611724 0.408701 0.072304 0.020221
0 0.798611 0.405790 0.041667 0.020527
0 0.609477 0.435662 0.061275 0.017770
0 0.801675 0.431832 0.069036 0.022978
0 0.602737 0.464461 0.051879 0.018995
0 0.801879 0.457721 0.058007 0.020221
0 0.611724 0.488664 0.062500 0.018995
0 0.813521 0.485141 0.063317 0.022365
0 0.619690 0.514553 0.069444 0.021140
0 0.811479 0.513787 0.088644 0.019608
0 0.616013 0.543045 0.076797 0.019914
0 0.815768 0.540594 0.057190 0.019914
