0 0.190359 0.374694 0.050654 0.021446
0 0.386642 0.374847 0.056781 0.021140
0 0.206495 0.399816 0.076389 0.020221
0 0.393587 0.403646 0.081291 0.021140
0 0.195057 0.427849 0.061683 0.021752
0 0.405229 0.429688 0.107026 0.022365
0 0.202410 0.455116 0.082108 0.022978
0 0.404003 0.455882 0.090686 0.022672
0 0.207721 0.481771 0.089461 0.022978
0 0.396038 0.481464 0.081291 0.022365
0 0.212623 0.507812 0.077206 0.021140
0 0.395833 0.508885 0.081699 0.021446
0 0.207925 0.536152 0.102124 0.022059
0 0.411765 0.536612 0.083333 0.021140
0 0.202410 0.563266 0.088644 0.021140
0 0.401144 0.562653 0.085784 0.021140
0 0.191585 0.592065 0.055556 0.022978
0 0.395425 0.589461 0.080065 0.022059
0 0.190564 0.617647 0.053513 0.022059
0 0.397876 0.617647 0.093954 0.024510
0 0.219567 0.645680 0.131127 0.023591
0 0.391544 0.645221 0.092729 0.027574
0 0.205270 0.671569 0.115605 0.023284
0 0.404412 0.673560 0.105392 0.021752
0 0.205474 0.701746 0.109477 0.023591
0 0.393791 0.700674 0.086601 0.023897
0 0.199551 0.730545 0.081291 0.022978
0 0.395833 0.730699 0.089869 0.023284
0 0.213031 0.757966 0.112337 0.023284
0 0.406454 0.758119 0.107026 0.022978
0 0.216299 0.784926 0.122958 0.022059
0 0.394608 0.787531 0.066993 0.024203
0 0.215891 0.814185 0.113971 0.023591
0 0.381740 0.815564 0.054330 0.024510
0 0.199142 0.842525 0.080474 0.024510
0 0.371528 0.844822 0.055147 0.022978
0 0.199755 0.869945 0.083333 0.026654
0 0.376430 0.872243 0.060866 0.024510
0 0.209763 0.899816 0.109069 0.025123
0 0.393382 0.903952 0.083333 0.026042
0 0.639502 0.375766 0.145833 0.022978
0 0.816585 0.374847 0.078431 0.021752
0 0.627655 0.402727 0.102533 0.022978
0 0.828227 0.402880 0.119690 0.023897
0 0.654208 0.430453 0.059232 0.023897
