0 0.193848 0.367761 0.035095 0.015794
0 0.375723 0.368071 0.037985 0.015794
0 0.191164 0.394085 0.051197 0.018891
0 0.376342 0.392227 0.039224 0.015794
0 0.185590 0.420099 0.033443 0.017033
0 0.387490 0.418396 0.069777 0.017343
0 0.190132 0.446113 0.063997 0.017653
0 0.372626 0.446268 0.050784 0.017343
0 0.177539 0.473521 0.046243 0.017343
0 0.370562 0.472282 0.032618 0.015485
0 0.173410 0.500929 0.030553 0.017033
0 0.373658 0.498297 0.040462 0.017343
0 0.181255 0.527253 0.048720 0.015794
0 0.374277 0.525395 0.033443 0.017033
0 0.185178 0.552803 0.055739 0.017962
0 0.374690 0.551874 0.051610 0.019201
0 0.212015 0.578198 0.101156 0.014246
0 0.389761 0.577269 0.057803 0.013627
0 0.184145 0.606999 0.037985 0.016723
0 0.379645 0.602663 0.063997 0.016104
0 0.185178 0.633942 0.050784 0.019201
0 0.375516 0.630845 0.054088 0.017343
0 0.189926 0.658718 0.068538 0.015485
0 0.378406 0.657479 0.060694 0.017343
0 0.212015 0.685352 0.117671 0.016723
0 0.390793 0.683958 0.079686 0.016414
0 0.178159 0.712140 0.035095 0.017033
0 0.383361 0.712914 0.071429 0.014865
0 0.181668 0.740787 0.041288 0.018582
0 0.379026 0.738774 0.040462 0.017033
0 0.186416 0.767885 0.040050 0.015794
0 0.387283 0.765872 0.061932 0.014246
0 0.199835 0.791576 0.074319 0.016104
0 0.387490 0.794209 0.076383 0.018891
0 0.194880 0.820223 0.066061 0.018272
0 0.384187 0.822391 0.064822 0.019511
0 0.189926 0.846237 0.056152 0.015794
0 0.377787 0.846547 0.059455 0.017653
0 0.182494 0.875968 0.037159 0.017033
0 0.370562 0.874729 0.038398 0.018272
0 0.597027 0.367916 0.041288 0.016104
0 0.786953 0.366058 0.037985 0.018582
0 0.587737 0.394240 0.068951 0.017962
0 0.781379 0.392227 0.044178 0.015794
0 0.589389 0.418551 0.063171 0.016414
0 0.783856 0.417002 0.065648 0.018272
0 0.591660 0.446423 0.058629 0.017033
0 0.785095 0.443016 0.065648 0.016414
0 0.584434 0.470424 0.050784 0.016104
0 0.788192 0.470115 0.070190 0.017343
0 0.579893 0.499071 0.033443 0.014556
0 0.793559 0.496748 0.072667 0.016723
0 0.588563 0.525395 0.059868 0.018272
0 0.781998 0.524156 0.065235 0.018272
0 0.625103 0.550170 0.123039 0.017653
0 0.800372 0.549241 0.097853 0.016414
0 0.592073 0.578198 0.057803 0.017962
0 0.795004 0.578198 0.082989 0.017962
0 0.603427 0.602354 0.087118 0.016104
