0 0.190359 0.353554 0.045752 0.019608
0 0.375000 0.353707 0.044935 0.018076
0 0.378268 0.378217 0.040850 0.020527
0 0.201593 0.376991 0.064951 0.021752
0 0.194853 0.404105 0.044118 0.023284
0 0.396855 0.406250 0.084559 0.020221
0 0.395221 0.432751 0.067402 0.022978
0 0.212010 0.431526 0.084967 0.020527
0 0.213848 0.457567 0.073938 0.019914
0 0.399306 0.457721 0.069853 0.020833
0 0.398897 0.484835 0.048611 0.019301
0 0.216708 0.485447 0.067402 0.019301
0 0.215891 0.508885 0.065768 0.020833
0 0.416054 0.511642 0.074755 0.021446
0 0.229167 0.536305 0.094771 0.020527
0 0.413399 0.536305 0.060458 0.019301
0 0.214461 0.564032 0.066176 0.020221
0 0.417279 0.562653 0.069853 0.019301
0 0.414828 0.587163 0.059232 0.021752
0 0.195670 0.589308 0.035131 0.022978
0 0.202410 0.616575 0.038807 0.021752
0 0.412786 0.613971 0.051879 0.020833
0 0.420956 0.641085 0.072304 0.021140
0 0.220792 0.640778 0.073121 0.021752
0 0.222835 0.665594 0.084559 0.020527
0 0.425041 0.666360 0.083742 0.018995
0 0.223448 0.692096 0.086601 0.021446
0 0.421773 0.692862 0.082925 0.018689
0 0.218546 0.718597 0.065359 0.019914
0 0.416667 0.717984 0.065359 0.022365
0 0.416462 0.744638 0.057598 0.022978
0 0.214665 0.744026 0.062500 0.021140
0 0.225694 0.768842 0.073121 0.019914
0 0.206904 0.797028 0.035539 0.018076
0 0.217933 0.820772 0.065768 0.020833
0 0.214052 0.846201 0.040850 0.019608
0 0.424020 0.771446 0.079248 0.020221
0 0.414420 0.795496 0.067402 0.018689
0 0.420547 0.823223 0.070670 0.021446
0 0.416667 0.847733 0.070261 0.020833
0 0.614992 0.353248 0.073121 0.021446
0 0.805147 0.352482 0.098039 0.020527
0 0.803105 0.379136 0.040033 0.019914
0 0.623979 0.381281 0.083742 0.021752
0 0.624387 0.407169 0.077206 0.022059
0 0.809232 0.404565 0.067810 0.021752
0 0.823121 0.433824 0.083333 0.021446
0 0.627042 0.433058 0.067810 0.021752
0 0.826593 0.459559 0.082925 0.022672
0 0.623366 0.461091 0.065359 0.021446
0 0.622958 0.486520 0.058007 0.020221
0 0.626430 0.514706 0.062500 0.018995
0 0.813930 0.487286 0.037990 0.016238
0 0.828840 0.512868 0.085784 0.020221
0 0.820670 0.539828 0.068627 0.020833
0 0.630719 0.538756 0.070261 0.019914
0 0.634191 0.564645 0.091912 0.020221
0 0.624387 0.589614 0.066585 0.020527
0 0.819240 0.564645 0.060049 0.021446
0 0.820057 0.591299 0.068219 0.020833
0 0.818627 0.618873 0.047386 0.018382
0 0.637868 0.615809 0.094363 0.018995
0 0.630310 0.641544 0.073529 0.019608
0 0.629493 0.668199 0.062908 0.020833
0 0.622345 0.694087 0.040441 0.019301
0 0.626634 0.719516 0.044935 0.018689
0 0.629493 0.746017 0.088235 0.020221
0 0.629493 0.772518 0.075980 0.018689
0 0.617647 0.799020 0.056373 0.020221
0 0.621119 0.824295 0.042892 0.019914
0 0.628676 0.850337 0.071078 0.019914
0 0.817810 0.849724 0.048203 0.018689
0 0.820874 0.824142 0.056781 0.020833
0 0.815359 0.798866 0.063725 0.020527
0 0.812908 0.772672 0.061275 0.018382
0 0.825572 0.748775 0.084150 0.016544
0 0.823325 0.721814 0.082108 0.020221
0 0.820261 0.697457 0.044935 0.018689
0 0.831904 0.669118 0.082925 0.020221
0 0.817402 0.643382 0.050654 0.022672
