0 0.193832 0.393995 0.063317 0.026348
0 0.405433 0.395680 0.055964 0.022978
0 0.209355 0.422794 0.060866 0.024510
0 0.412786 0.424479 0.086193 0.026042
0 0.206904 0.452972 0.088644 0.024816
0 0.407271 0.452819 0.062092 0.023284
0 0.201593 0.479473 0.052696 0.023897
0 0.401144 0.483609 0.084150 0.026042
0 0.406046 0.509191 0.082516 0.024510
0 0.208946 0.507966 0.081291 0.025735
0 0.215278 0.534773 0.059641 0.021752
0 0.404003 0.536918 0.103758 0.024816
0 0.400940 0.565104 0.066585 0.021140
0 0.206291 0.563419 0.053105 0.023897
0 0.206291 0.589154 0.061275 0.023284
0 0.419730 0.591146 0.114788 0.024816
0 0.205270 0.618107 0.056781 0.022978
0 0.420139 0.621324 0.115605 0.023284
0 0.222018 0.646140 0.113971 0.029412
0 0.410131 0.646906 0.094771 0.023591
0 0.211397 0.674326 0.084559 0.024510
0 0.401348 0.675092 0.095997 0.024816
0 0.216095 0.701900 0.087418 0.024510
0 0.407475 0.704044 0.097631 0.024510
0 0.222426 0.729167 0.092729 0.025123
0 0.414828 0.732230 0.109069 0.022672
0 0.219975 0.757812 0.109069 0.024203
0 0.418096 0.759191 0.117239 0.024510
0 0.223448 0.781863 0.116830 0.026348
0 0.398284 0.786152 0.066176 0.022059
0 0.222222 0.808824 0.109477 0.028186
0 0.416667 0.812194 0.117647 0.023897
0 0.406863 0.840380 0.071078 0.022672
0 0.212827 0.837010 0.091503 0.023897
0 0.229779 0.862898 0.109886 0.025429
0 0.407271 0.865962 0.080065 0.024203
0 0.400531 0.893382 0.087010 0.025123
0 0.213848 0.890165 0.095180 0.026042
0 0.400531 0.919884 0.104167 0.022978
0 0.212214 0.916820 0.087827 0.022978
0 0.627859 0.400276 0.093954 0.024203
0 0.851716 0.401808 0.110294 0.026042
0 0.644404 0.429228 0.116422 0.028799
0 0.865605 0.429841 0.164216 0.027574
