0 0.215074 0.354779 0.055147 0.020833
0 0.403391 0.355852 0.049428 0.020527
0 0.225694 0.382353 0.065768 0.022672
0 0.406250 0.383119 0.059232 0.021140
0 0.411560 0.410692 0.060049 0.021140
0 0.225286 0.409314 0.064134 0.022059
0 0.224673 0.436275 0.039216 0.020221
0 0.415237 0.437347 0.060866 0.019914
0 0.407884 0.464001 0.040441 0.020527
0 0.231209 0.462469 0.045752 0.020527
0 0.233252 0.489890 0.071078 0.021446
0 0.413399 0.490196 0.041667 0.020833
0 0.237949 0.514553 0.083742 0.018076
0 0.418505 0.515778 0.083742 0.019301
0 0.238766 0.541054 0.078023 0.019608
0 0.420343 0.541667 0.075980 0.020221
0 0.425245 0.566789 0.048203 0.018995
0 0.242239 0.568015 0.068627 0.018382
0 0.240196 0.592218 0.071078 0.020221
0 0.223448 0.620251 0.042484 0.019301
0 0.420343 0.592525 0.069444 0.018995
0 0.421977 0.619792 0.065359 0.021446
0 0.425245 0.645833 0.072712 0.020833
0 0.241626 0.644914 0.073121 0.018382
0 0.231209 0.673100 0.056373 0.020833
0 0.221201 0.697763 0.045343 0.021752
0 0.218750 0.724724 0.041258 0.021140
0 0.228962 0.748315 0.065768 0.021752
0 0.219771 0.774663 0.037582 0.021752
0 0.219363 0.799786 0.038399 0.017463
0 0.229575 0.825214 0.058007 0.022365
0 0.229779 0.850490 0.063317 0.018995
0 0.418096 0.851103 0.062500 0.022059
0 0.419322 0.826746 0.061683 0.021752
0 0.422794 0.800092 0.069444 0.020527
0 0.423203 0.773897 0.061275 0.022672
0 0.407884 0.749694 0.046160 0.020833
0 0.420343 0.723499 0.060458 0.022365
0 0.417892 0.695925 0.063725 0.020527
0 0.417892 0.672028 0.066993 0.020527
0 0.648693 0.359222 0.089869 0.024816
0 0.835172 0.361826 0.085376 0.022672
0 0.830270 0.386336 0.067402 0.022672
0 0.823529 0.414369 0.045752 0.023591
0 0.636846 0.386642 0.075163 0.022059
0 0.645016 0.412990 0.079248 0.023284
0 0.649714 0.439951 0.075572 0.022059
0 0.646038 0.465993 0.071487 0.021446
0 0.644812 0.491422 0.080474 0.022059
0 0.631944 0.517004 0.061275 0.021752
0 0.646446 0.543352 0.078840 0.020527
0 0.834150 0.545956 0.049020 0.020833
0 0.825572 0.520221 0.058007 0.022672
0 0.824346 0.494179 0.044118 0.019608
0 0.817606 0.468137 0.046160 0.018382
0 0.826389 0.442249 0.084150 0.021140
