0 0.202819 0.335784 0.056781 0.020833
0 0.388889 0.335631 0.060458 0.026042
0 0.402574 0.362132 0.078023 0.022672
0 0.215278 0.362439 0.075980 0.023284
0 0.203636 0.390931 0.078840 0.023897
0 0.400940 0.391391 0.051879 0.021140
0 0.410335 0.418658 0.076389 0.021140
0 0.195670 0.417586 0.067810 0.022059
0 0.209763 0.445466 0.073121 0.022059
0 0.412786 0.445772 0.051879 0.021446
0 0.418709 0.472733 0.075980 0.022672
0 0.201593 0.474877 0.064134 0.025123
0 0.200776 0.502145 0.042075 0.020221
0 0.422181 0.500306 0.089461 0.022672
0 0.411356 0.527420 0.040850 0.022365
0 0.418709 0.556066 0.050654 0.023284
0 0.208946 0.527880 0.089461 0.021446
0 0.204657 0.556219 0.073529 0.021140
0 0.207925 0.583793 0.069444 0.021140
0 0.430556 0.581495 0.092320 0.019608
0 0.415441 0.609681 0.043301 0.023897
0 0.418301 0.638327 0.051471 0.021140
0 0.200776 0.612439 0.087827 0.022059
0 0.205678 0.640012 0.071487 0.018382
0 0.200368 0.666207 0.054330 0.017463
0 0.213235 0.693474 0.087418 0.021752
0 0.215278 0.723652 0.078431 0.025735
0 0.218750 0.750766 0.086193 0.019914
0 0.208946 0.776654 0.065768 0.020833
0 0.212214 0.804075 0.053513 0.021140
0 0.221201 0.831342 0.055964 0.022978
0 0.217320 0.858609 0.063725 0.024816
0 0.413603 0.858915 0.064951 0.023591
0 0.415237 0.830423 0.082108 0.019914
0 0.412377 0.803615 0.051879 0.021446
0 0.410948 0.775582 0.066993 0.021752
0 0.423407 0.748928 0.085376 0.023591
0 0.419526 0.720129 0.073529 0.022978
0 0.426879 0.692708 0.071895 0.023284
0 0.428513 0.664982 0.088235 0.019914
0 0.629698 0.334252 0.091912 0.025123
0 0.833538 0.334712 0.085376 0.023591
0 0.841095 0.360754 0.095588 0.023591
0 0.633578 0.361213 0.096405 0.024510
0 0.638480 0.391697 0.097222 0.024203
0 0.837418 0.390778 0.073529 0.022365
0 0.631332 0.417739 0.055147 0.021752
0 0.838848 0.414982 0.070670 0.023591
0 0.838848 0.444853 0.075572 0.025123
0 0.641340 0.446232 0.084150 0.020527
0 0.646038 0.471507 0.078840 0.023897
0 0.842933 0.471048 0.057598 0.023591
0 0.835172 0.498621 0.082925 0.024816
0 0.644404 0.498928 0.082925 0.020527
0 0.639297 0.526195 0.084150 0.021140
0 0.847631 0.526501 0.084150 0.022978
0 0.827206 0.554841 0.074346 0.021446
0 0.642770 0.555147 0.078023 0.020833
0 0.628881 0.582567 0.056781 0.023591
0 0.626021 0.609988 0.074755 0.023284
0 0.625817 0.637561 0.064542 0.022059
0 0.626430 0.664675 0.064134 0.021752
0 0.634395 0.691636 0.066993 0.022978
0 0.644199 0.719516 0.075980 0.021752
0 0.636846 0.746017 0.066176 0.021446
0 0.619894 0.774510 0.044526 0.025123
0 0.639297 0.802849 0.084967 0.022978
0 0.640319 0.830423 0.079657 0.021140
0 0.847426 0.803462 0.056781 0.022978
0 0.839461 0.774663 0.066993 0.022365
0 0.843342 0.747243 0.078840 0.023284
0 0.839869 0.720129 0.070261 0.022978
0 0.842320 0.693168 0.073529 0.022978
0 0.827002 0.665135 0.071487 0.022059
0 0.827002 0.638174 0.067402 0.023284
0 0.835172 0.610141 0.052696 0.023591
0 0.840482 0.581955 0.077206 0.023591
