0 0.184436 0.352635 0.044526 0.022672
0 0.375000 0.352328 0.064542 0.018995
0 0.386642 0.376838 0.050245 0.018995
0 0.191176 0.380515 0.043301 0.016544
0 0.382557 0.405790 0.067402 0.018689
0 0.190972 0.405331 0.069853 0.017770
0 0.200572 0.430913 0.040850 0.020527
0 0.400327 0.429841 0.047386 0.017157
0 0.390523 0.456036 0.080882 0.019301
0 0.194444 0.457108 0.041667 0.016544
0 0.187908 0.483303 0.077614 0.018076
0 0.396242 0.481005 0.054739 0.017770
0 0.390114 0.506587 0.075163 0.022978
0 0.197508 0.508885 0.069036 0.017770
0 0.199142 0.535846 0.069853 0.018382
0 0.395629 0.534467 0.073938 0.016238
0 0.203636 0.561428 0.071487 0.016238
0 0.391953 0.558977 0.085376 0.016850
0 0.196283 0.586091 0.087010 0.017157
0 0.395221 0.583793 0.083742 0.015625
0 0.409926 0.610754 0.068219 0.019914
0 0.206904 0.613051 0.063317 0.018995
0 0.201185 0.638940 0.041258 0.018076
0 0.405637 0.636642 0.074346 0.017770
0 0.207312 0.664828 0.065768 0.020221
0 0.415033 0.662377 0.065359 0.019608
0 0.408292 0.687806 0.042075 0.019608
0 0.211397 0.691176 0.070670 0.018995
0 0.214052 0.715993 0.093137 0.018995
0 0.210580 0.742494 0.052696 0.019914
0 0.213848 0.768995 0.065768 0.017770
0 0.212623 0.795190 0.063317 0.018076
0 0.397059 0.793045 0.089052 0.017463
0 0.406863 0.767923 0.063725 0.020527
0 0.403186 0.740809 0.062908 0.019608
0 0.402165 0.715227 0.064951 0.020527
0 0.205882 0.819853 0.080882 0.017157
0 0.407884 0.817862 0.063317 0.019914
0 0.402574 0.845588 0.065768 0.018995
0 0.213440 0.845129 0.055964 0.018076
0 0.616830 0.350490 0.069444 0.018382
0 0.802900 0.348958 0.095180 0.022672
0 0.812704 0.373468 0.071487 0.022672
0 0.810866 0.401042 0.071895 0.022059
0 0.619485 0.403952 0.070670 0.020527
0 0.605801 0.376379 0.084967 0.019301
0 0.620507 0.429075 0.062908 0.019914
0 0.806168 0.425705 0.091095 0.018076
0 0.791258 0.453431 0.086601 0.019608
0 0.617647 0.454810 0.077614 0.021140
0 0.617647 0.480086 0.079248 0.018995
0 0.616422 0.505974 0.040850 0.019914
0 0.809641 0.479473 0.074346 0.022059
0 0.801879 0.504902 0.088235 0.021446
0 0.626430 0.531863 0.070670 0.019608
0 0.805964 0.530484 0.092320 0.020527
0 0.811275 0.558364 0.073529 0.020527
0 0.622958 0.557292 0.080065 0.017770
0 0.628064 0.585325 0.067402 0.017463
0 0.811887 0.583027 0.100082 0.018995
0 0.808211 0.610447 0.044526 0.024203
0 0.626225 0.610141 0.069444 0.019914
0 0.808824 0.636642 0.089052 0.018382
0 0.803105 0.661458 0.110294 0.017770
0 0.620302 0.637255 0.062500 0.019608
0 0.613971 0.661305 0.088235 0.021752
0 0.625817 0.687960 0.073529 0.017463
0 0.803922 0.685968 0.102941 0.018382
0 0.627042 0.715074 0.066993 0.017770
0 0.623570 0.739583 0.099265 0.019608
0 0.628268 0.767923 0.075163 0.019301
0 0.807190 0.713848 0.081699 0.019608
0 0.808211 0.740043 0.079657 0.018689
0 0.805964 0.766238 0.045752 0.017157
0 0.628676 0.792126 0.079248 0.021140
0 0.801879 0.791667 0.049837 0.019608
0 0.628268 0.817708 0.065359 0.018995
