0 0.202206 0.338235 0.053105 0.019608
0 0.391136 0.337623 0.054330 0.018382
0 0.208742 0.363971 0.053105 0.020221
0 0.391136 0.362286 0.063317 0.019301
0 0.213235 0.389093 0.072712 0.020221
0 0.398489 0.388174 0.070670 0.020221
0 0.212214 0.416513 0.052696 0.019301
0 0.401144 0.416360 0.080065 0.018995
0 0.208946 0.445312 0.052696 0.017463
0 0.388276 0.443015 0.046160 0.015319
0 0.209355 0.469975 0.050245 0.015931
0 0.401144 0.468137 0.080882 0.019608
0 0.223039 0.497089 0.081699 0.022365
0 0.410131 0.496170 0.087418 0.018689
0 0.217116 0.523897 0.080474 0.019608
0 0.394812 0.521140 0.044526 0.019608
0 0.207925 0.550551 0.069444 0.020833
0 0.404616 0.547181 0.078023 0.020221
0 0.212418 0.577819 0.079248 0.019608
0 0.412786 0.575061 0.092729 0.020221
0 0.215278 0.605699 0.072712 0.019608
0 0.415645 0.600797 0.095180 0.021446
0 0.222018 0.632200 0.086193 0.019914
0 0.412786 0.628064 0.070670 0.019608
0 0.205882 0.659314 0.052288 0.020833
0 0.408088 0.657322 0.076797 0.021140
0 0.214665 0.687960 0.078023 0.020527
0 0.400940 0.683364 0.088644 0.022365
0 0.225286 0.713082 0.088644 0.024816
0 0.406250 0.711857 0.099265 0.018689
0 0.225082 0.742494 0.103758 0.021140
0 0.420139 0.739430 0.113971 0.021140
0 0.245507 0.768842 0.119281 0.022365
0 0.417075 0.768995 0.117647 0.020221
0 0.240400 0.797488 0.122958 0.021446
0 0.397672 0.795190 0.068219 0.020527
0 0.206699 0.823989 0.059641 0.022978
0 0.397467 0.823836 0.080882 0.020833
0 0.217525 0.853554 0.078840 0.020833
0 0.396650 0.851716 0.073529 0.022059
0 0.594567 0.333487 0.036356 0.023591
0 0.790237 0.333487 0.066585 0.020527
0 0.618464 0.359528 0.086601 0.021140
0 0.813521 0.357690 0.097631 0.020527
0 0.610907 0.387714 0.073938 0.020527
0 0.804126 0.383119 0.051062 0.019301
0 0.620507 0.412224 0.075163 0.019301
0 0.811887 0.410080 0.074755 0.020527
0 0.616013 0.438113 0.079248 0.023284
0 0.806168 0.437040 0.076389 0.019914
0 0.621732 0.466146 0.082516 0.019914
0 0.802900 0.464308 0.064134 0.019301
0 0.626021 0.492188 0.082925 0.023591
0 0.810458 0.489890 0.075163 0.020221
0 0.629085 0.518382 0.091503 0.022672
0 0.816176 0.514706 0.080882 0.022059
0 0.643178 0.546109 0.102533 0.021752
0 0.822100 0.543199 0.072304 0.020221
0 0.639297 0.571232 0.098039 0.022365
0 0.818015 0.569087 0.078840 0.021140
0 0.640523 0.598499 0.107026 0.020527
0 0.830882 0.596354 0.107843 0.023591
0 0.666258 0.625613 0.148693 0.023897
