0 0.200980 0.375153 0.049837 0.021752
0 0.403186 0.373928 0.056373 0.019301
0 0.201185 0.401195 0.051062 0.021140
0 0.406046 0.401808 0.057190 0.019301
0 0.218546 0.428309 0.081699 0.018382
0 0.424837 0.428768 0.084967 0.022365
0 0.220997 0.456495 0.080065 0.019608
0 0.436479 0.456036 0.109886 0.018689
0 0.213031 0.482384 0.046160 0.020527
0 0.416462 0.481158 0.051879 0.021752
0 0.218750 0.510723 0.077206 0.020833
0 0.423407 0.508425 0.078840 0.019914
0 0.227533 0.537377 0.095588 0.021446
0 0.410743 0.537531 0.065768 0.019301
0 0.229371 0.565104 0.082925 0.020527
0 0.417075 0.561887 0.084150 0.017770
0 0.229167 0.592984 0.085784 0.019914
0 0.429943 0.590993 0.099265 0.022059
0 0.237541 0.621017 0.096814 0.017770
0 0.420547 0.618107 0.077206 0.019301
0 0.239379 0.647518 0.097222 0.021752
0 0.425449 0.644608 0.109069 0.017770
0 0.226716 0.672794 0.065359 0.018382
0 0.411765 0.671569 0.049020 0.019608
0 0.237949 0.699295 0.107435 0.020527
0 0.431577 0.699142 0.098448 0.020221
0 0.239175 0.728707 0.105801 0.018076
0 0.432598 0.726716 0.082516 0.020221
0 0.230392 0.756893 0.091503 0.019301
0 0.431781 0.754442 0.098856 0.021752
0 0.238971 0.781097 0.107843 0.020527
0 0.440972 0.782016 0.105801 0.020527
0 0.232230 0.808977 0.095997 0.021140
0 0.420139 0.808977 0.056781 0.020527
0 0.230596 0.835325 0.078023 0.020527
0 0.431781 0.833640 0.100490 0.021446
0 0.228962 0.860754 0.081291 0.020527
0 0.426675 0.862132 0.051062 0.017770
0 0.429534 0.888480 0.087827 0.020833
0 0.234477 0.888021 0.084967 0.019914
0 0.640319 0.376072 0.098448 0.022365
0 0.839665 0.374847 0.098448 0.022978
0 0.650940 0.402114 0.116422 0.021140
0 0.839869 0.400888 0.102124 0.021140
0 0.636642 0.428615 0.062500 0.020221
0 0.840482 0.427543 0.097631 0.021140
0 0.660948 0.457108 0.095588 0.019608
0 0.844158 0.457414 0.096814 0.020221
0 0.646650 0.485600 0.056373 0.019608
0 0.847222 0.483609 0.087418 0.022365
0 0.656046 0.511029 0.106209 0.018382
0 0.843750 0.512102 0.057598 0.018689
0 0.653595 0.539216 0.122549 0.020221
0 0.845384 0.539522 0.113154 0.023284
0 0.653186 0.565411 0.095588 0.021752
0 0.837827 0.565717 0.080065 0.022978
0 0.651961 0.593137 0.102941 0.020221
0 0.831291 0.593444 0.057190 0.023284
0 0.653391 0.619792 0.142565 0.022672
0 0.838848 0.620251 0.111520 0.023591
0 0.655433 0.646752 0.118056 0.022672
0 0.835784 0.645987 0.090686 0.020527
0 0.848448 0.673100 0.051471 0.022059
0 0.665645 0.675398 0.120507 0.023591
